.Random.seed <-
c(403L, 10L, 1881569135L, -380555658L, -1554390624L, -247273885L, 
-546701567L, -850243984L, -1057904114L, -1390845319L, -851137013L, 
-668909766L, -1947171268L, -1161581185L, -1364361515L, 2076626668L, 
1112703042L, 1297131421L, 879343127L, 1539050366L, 2073266488L, 
791995931L, 1303619449L, -161652280L, 1189887478L, 1981112369L, 
-628340125L, -712698318L, -796564604L, 511377863L, 619341981L, 
1445568532L, -1554516294L, 2106320645L, 1367721183L, -1284610714L, 
-957951760L, -1778527213L, -1947543119L, 1069331552L, -50871810L, 
-1495562871L, 2001191611L, 885976714L, 1955645804L, -1328222481L, 
1318549797L, 1443444700L, -893708878L, -1120795475L, -486349721L, 
-1083188338L, -909231000L, -1219872661L, 1355457033L, 1749707928L, 
2052431814L, -60476639L, -1692934221L, -127650014L, 731597076L, 
811370903L, 1925061005L, 1025851556L, -441058678L, -932122379L, 
-443263153L, -128823210L, -1040467200L, -1328067005L, -2091289119L, 
1650155856L, -1053804626L, -1211396775L, -2052203669L, 1165384410L, 
-411485284L, 1559848863L, -1402098187L, -130514804L, 278085986L, 
1008074045L, 636374455L, 2012674654L, 109693848L, 188916475L, 
793012889L, 1303245608L, -1190641194L, 848277073L, 1976257795L, 
-72458094L, 1719088676L, 352913639L, -1022329539L, -87090764L, 
1814709786L, 1886381413L, 1038486527L, -690181498L, -1211262448L, 
1837662387L, -1498227887L, -202688768L, -2010507810L, 1493507625L, 
888591835L, 784227050L, -1668261748L, -532281393L, -477814907L, 
-1400525764L, -1154974446L, 315308557L, -191983289L, -47394002L, 
111742600L, 850978699L, -608630935L, -631310024L, 1791509478L, 
-2060102783L, 1640631059L, 1758180546L, 832458612L, -287288457L, 
-1411701651L, 1484135172L, -839491030L, -180580459L, 202708015L, 
647769398L, 51246432L, 1283519395L, 1185600705L, -1067232080L, 
-1787759666L, -1644800199L, -26843317L, -1884809990L, -966013444L, 
-533569985L, -166632683L, 550821932L, -998842110L, -834434595L, 
-982574889L, -754998338L, 124315128L, 1500578267L, -545042375L, 
-147101304L, -401324746L, 156483441L, 977661347L, 956625138L, 
209415236L, 2053740295L, 1047099101L, -1260062764L, -626981126L, 
-1180108219L, 785316511L, 343382054L, -472462160L, -372974253L, 
1363036273L, -1999284832L, -451507906L, 380442697L, 1034693883L, 
-1290468150L, -2060404180L, 1226096175L, -1981382939L, 1586951068L, 
1030559218L, -1090613139L, 1156020647L, 895757262L, 804704552L, 
-83651797L, -1515753143L, -3078568L, 1729386246L, 1625314017L, 
1053947507L, 2105106146L, -1467686316L, 1875921751L, 1987178317L, 
2126336740L, -815826230L, -1897876683L, -1486587505L, -137040234L, 
191827520L, -50833661L, -214855903L, 941045776L, -24092690L, 
-1587060839L, -280541141L, -925061862L, 1936719836L, 1969381855L, 
-690543179L, 1301488460L, -47939166L, -2023739139L, -1814397449L, 
-994407650L, 728978904L, 255070011L, 2042218713L, 155403368L, 
983996822L, -612128495L, -1960891709L, -1375624494L, 267772772L, 
-17709401L, -1526886403L, 1597917684L, -210610470L, 1376847909L, 
702252351L, 943377094L, -1475631280L, 565473346L, 857970336L, 
-529298756L, 869165008L, -1348245150L, 1713015528L, -1220700980L, 
949078524L, -1843965454L, 454365312L, -1107702284L, 702139016L, 
-1283020998L, -1831610032L, 1928337516L, -666622572L, 1617538130L, 
-585420320L, 1749745868L, -613971296L, 1419161986L, 881652968L, 
1060952812L, -536694468L, -1889022862L, 100114032L, -1797671388L, 
-844922824L, 1220285722L, -334991152L, -1052168900L, -1679634540L, 
531937154L, 968150976L, -1544155588L, 1684775312L, -1754471390L, 
-1064910584L, -862067572L, 1904997148L, 1916063890L, -352534144L, 
1467325460L, 1353242408L, 955776570L, -163167792L, -2132975252L, 
417492916L, -1147832814L, 1344426976L, -70330932L, 780068064L, 
2130520098L, -269873368L, 151578124L, 2143177532L, -560202766L, 
306041584L, 1696268868L, -1031051688L, 1786605370L, -597054480L, 
-2024071492L, 1851866388L, -1248354110L, 1595311200L, -1462922884L, 
1121693648L, -1195701982L, -1977278808L, -220179572L, 1507120316L, 
-1147803854L, -166776256L, -1173222220L, -1306401720L, -617258566L, 
1106947600L, 975104236L, -1954041516L, 1212575506L, -1829415520L, 
1108863692L, -1980766624L, 1792344002L, -1256359128L, -1388304980L, 
-1542735556L, 169056114L, 478771504L, 1194635044L, -421053128L, 
-1756726566L, 94480272L, 1364329212L, -1328312428L, 1660131394L, 
525401344L, -699673540L, -869210800L, -753301342L, 730535752L, 
-931074292L, -1301009700L, 1876536146L, -615996800L, -426334124L, 
1005544424L, -874137862L, 302985552L, -697545940L, -1487069324L, 
-1431086190L, 1102667360L, 506806156L, -14408864L, -482000926L, 
708124584L, 754312396L, 1412963836L, 1486332850L, -336449040L, 
1586295236L, 327762264L, -1849879174L, -468397648L, -720330820L, 
89886804L, 1164399554L, -645710816L, 1457568956L, -265809328L, 
268834786L, 672132712L, -19588532L, 1321693436L, -847069198L, 
324752640L, -1051766924L, 1818198024L, -1042973254L, -2053757488L, 
-1061094420L, 2002034580L, -32795694L, 1046513504L, 2005925196L, 
-1099277024L, -674946174L, 104198888L, -1594030868L, -325008836L, 
1457742706L, -1518486928L, 1814220836L, -1850892488L, 1918534810L, 
918674128L, -1463416644L, 1176876692L, 1307111042L, -438321984L, 
-1484664516L, 1929554064L, 1082950178L, 1528356360L, -1166296820L, 
-1447982436L, 1481139730L, 1352361344L, -853584364L, -1182069208L, 
-1339468486L, -1134479408L, 73548396L, 2007764788L, 1489967762L, 
-788874912L, 698091852L, 184254432L, -1130612830L, 455413672L, 
1457742732L, -54331716L, 1693350770L, -394520336L, -83857340L, 
-663012008L, 125740090L, -63005840L, -1837429700L, 1893450516L, 
-514293310L, 1634197728L, 734054268L, 113825488L, -860297566L, 
-1510495192L, -1573089012L, 866831292L, -67199694L, 1282340800L, 
100323892L, -1697096760L, -31787846L, -1511604336L, -715166228L, 
1021489236L, -1907413358L, 75944736L, 1667245516L, -1301709856L, 
236944066L, -370603480L, 1471538860L, 1472711356L, -2085910030L, 
2133342512L, 319478948L, 161200824L, -1833323686L, -1370032752L, 
-1321639556L, -726842092L, 2065264962L, -1070114048L, -1125585988L, 
-379300767L, 1843344915L, 2085878836L, 1239327298L, 698566231L, 
1340865953L, 2122391142L, 961646180L, 2032922005L, 1041833663L, 
1903093336L, 788402806L, 862305923L, -1335590203L, -1812508702L, 
-1031210416L, -1001308295L, -934312789L, -434680804L, -527586486L, 
-1916925121L, 1880958345L, -2014052962L, -1489537972L, 283817501L, 
1256807335L, 1012293328L, -1398484882L, -202303717L, -1026787203L, 
1750673002L, -616601848L, -585631823L, 1835835427L, 605921572L, 
1076803026L, 1878967847L, -1785597839L, 1461425846L, 1050069588L, 
-1532238107L, -567729425L, -1052774872L, 1335347846L, -163195725L, 
-488883691L, 169266290L, 1096894656L, 484883753L, 1513292699L, 
598266988L, 408549498L, -1851121233L, -813098823L, -1625462066L, 
1831495708L, 236686221L, 1188509175L, -389093120L, -871389346L, 
-1403781077L, -1708810451L, 1086399386L, 351002968L, 640767169L, 
889082739L, 1656098964L, 1596855586L, 310723639L, -2121130751L, 
462315526L, 600626756L, 583380853L, -1300733217L, 274210360L, 
-489923050L, 420401699L, 1672486373L, -671296510L, -1633290640L, 
-1602415591L, -2124556789L, -1957477124L, -2137421526L, -182735009L, 
-2119627031L, 1618382334L, -1852972564L, -721647299L, 1518196999L, 
-1073608464L, -754404210L, 1791446715L, 247914141L, -732681654L, 
-49977240L, -585058223L, 1269377859L, 1568120388L, -1275175694L, 
461953223L, 584579729L, 887038998L, -429355404L, -987399931L, 
-42666161L, 1004872008L, 1773194470L, 327016979L, 316355957L, 
2101791058L, -204791392L, 1877932169L, 1415516347L, -1921725684L, 
-962577766L, 1683615759L, 1243935833L, -155485970L, 138443644L, 
-780040211L, -1586118505L, -2147366048L, 200993598L, 1444480011L, 
-1842019187L, 1781593530L, 2046188536L, -364890207L, -11251373L, 
-143888268L, -2007760382L, -1854825321L, 664477281L, 497026726L, 
1783656100L, 57658197L, 1093380095L, 730822296L, 1134525366L, 
1590554691L, -1361819259L, 701389346L, 1671401744L, 601387193L, 
